% 这是 输入数据的地方
data.pro=4;%工件的种类数
data.machi=8;%机器的数量
data.volme=[1,1,1,1];%每个工件的数
data.detail=[1	1	5	7	3	9	8	-1	9	-1
1	2	-1	8	5	2	6	7	10	9
1	3	-1	10	-1	5	6	4	1	7
1	4	10	8	9	6	4	7	-1	-1
2	1	3	6	7	8	9	-1	10	-1
2	2	10	-1	7	4	9	8	6	-1
2	3	-1	9	8	7	4	2	7	-1
2	4	11	9	-1	6	7	5	3	6
3	1	2	8	5	9	-1	4	-1	10
3	2	7	4	7	8	9	-1	10	-1
3	3	9	9	-1	8	5	6	7	1
3	4	9	-1	3	7	1	5	8	-1
4	1	6	7	1	4	6	9	-1	10
4	2	11	-1	9	9	9	7	6	4
4	3	10	5	9	10	11	-1	10	-1
4	4	5	4	2	6	7	-1	10	-1];% 工件编号、工序顺序 对应机器需要的时间
% 解决两个问题  1。 先安排谁，2 安排哪一个机器